%% function [GP,GW]=GaussPts_1D
%% Purpose
%   Define Gauss integration sampling points and weights
%% Usage:
%  [GP,GW]=Gauss4
%% Input
%  NP = number of Gauss point(s) ( NP= 1 ,2,3,or 4)
%% Output
%  GP{NP} = coordinates of NP sampling points 
%  GW{NP} = weights at sampling points
%   Both GP and GW are cell arrays

%% B.P. Wang, Oct 12,2012
function [GP,GW]=GaussPts
GW{1}= 2;
GW{2}=[ 1, 1];
GW{3}=[ 5/9, 8/9, 5/9];
GW{4}=[ .34785484513745385737306394922198, .65214515486254614262693605077802,...
        .65214515486254614262693605077802, .34785484513745385737306394922198];
GW{5}=[ (1/900)*(322-13*sqrt(70)), (1/900)*(322+13*sqrt(70)), 128/225,...
        (1/900)*(322+13*sqrt(70)), (1/900)*(322-13*sqrt(70)) ];
GW{6}=[ 0.17132449237917034504029614217273, 0.36076157304813860756983351383772, 0.46791393457269104738987034398955, ...
        0.46791393457269104738987034398955, 0.36076157304813860756983351383772, 0.17132449237917034504029614217273];
GW{7}=[ 0.12948496616886969327061143267908, 0.27970539148927666790146777142378, 0.38183005050511894495036977548898, 0.41795918367346938775510204081633,...
        0.38183005050511894495036977548898, 0.27970539148927666790146777142378, 0.12948496616886969327061143267908];
GW{8}=[ 0.10122853629037625915253135430996, 0.22238103445337447054435599442624, 0.3137066458778872873379622019866, 0.3626837833783619829651504492772,...
        0.3626837833783619829651504492772, 0.3137066458778872873379622019866, 0.22238103445337447054435599442624, 0.10122853629037625915253135430996];
    
GP{1}=0;
GP{2} =[ -1/3*3^(1/2),  1/3*3^(1/2)];
GP{3} =[ -1/5*15^(1/2),             0,  1/5*15^(1/2)];
GP{4}=[ -.86113631159405257522394648889282, -.33998104358485626480266575910326,...
         .33998104358485626480266575910326,  .86113631159405257522394648889282];
GP{5}=[ -(1/21)*sqrt(245+14*sqrt(70)),-(1/21)*sqrt(245-14*sqrt(70)), 0,...
         (1/21)*sqrt(245-14*sqrt(70)), (1/21)*sqrt(245+14*sqrt(70))];
GP{6}=[ -0.93246951420315202781230155449399, -0.66120938646626451366139959501991, -0.23861918608319690863050172168071,...
         0.23861918608319690863050172168071, 0.66120938646626451366139959501991, 0.93246951420315202781230155449399];
GP{7}=[ -0.94910791234275852452618968404785, -0.74153118559939443986386477328079, -0.40584515137739716690660641207696, 0, ...
         0.40584515137739716690660641207696, 0.74153118559939443986386477328079, 0.94910791234275852452618968404785];
GP{8}=[ -0.96028985649753623168356086856947, -0.79666647741362673959155393647583, -0.52553240991632898581773904918925, -0.18343464249564980493947614236018,...
         0.18343464249564980493947614236018, 0.52553240991632898581773904918925, 0.79666647741362673959155393647583, 0.96028985649753623168356086856947];
     
% 
%%%%%%%%%%%%%%%%%%%%%%%%%%%%  eof of Gauss4.m

